0.019059 61986.000 1
0.019223 62973.000 1
0.018928 62639.000 1
0.018465 61654.000 1
0.019318 62218.000 1
0.018780 63144.000 1
0.018803 63724.000 1
0.018815 61734.000 1
0.018903 61269.000 1
0.018189 60344.000 1
0.019026 63092.000 1
0.018747 62133.000 1
0.018795 61679.000 1
0.018695 62039.000 1
0.019481 62418.000 1
0.018481 62006.000 1
0.018781 61772.000 1
0.018627 61768.000 1
0.019444 62915.000 1
0.019153 61519.000 1
0.018579 63157.000 1
0.019158 61801.000 1
0.019800 61562.000 1
0.019216 62361.000 1
0.019343 61896.000 1
0.018610 62431.000 1
0.018526 62576.000 1
0.018670 61654.000 1
0.018677 62108.000 1
0.019178 59872.000 1
0.018925 62834.000 1
0.018896 62549.000 1
0.018975 62255.000 1
0.018747 61497.000 1
0.019796 61137.000 1
0.017843 61880.000 1
0.018870 62160.000 1
0.018862 63414.000 1
0.018669 62916.000 1
0.018420 62664.000 1
0.019381 61619.000 1
0.019430 61323.000 1
0.018406 61766.000 1
0.019055 62548.000 1
0.019555 61615.000 1
0.018791 61080.000 1
0.019542 61542.000 1
0.019246 62101.000 1
0.018316 60935.000 1
0.019626 60687.000 1
0.019016 61542.000 1
0.019256 61672.000 1
0.019579 61530.000 1
0.018753 62195.000 1
0.018945 60840.000 1
0.018571 60938.000 1
0.018908 61316.000 1
0.019310 61792.000 1
0.019026 60358.000 1
0.019039 60946.000 1
0.018701 61085.000 1
0.018581 61893.000 1
0.019165 61055.000 1
0.018937 61871.000 1
0.019262 61108.000 1
0.019278 60881.000 1
0.018558 61784.000 1
0.019442 59666.000 1
0.018367 62758.000 1
0.018991 61396.000 1
0.019068 61481.000 1
0.018922 60367.000 1
0.018675 61894.000 1
0.018270 61497.000 1
0.019020 61859.000 1
0.018887 62297.000 1
0.018665 60945.000 1
0.019234 62913.000 1
0.018353 61828.000 1
0.018837 61986.000 1
0.017939 62441.000 1
0.019172 61933.000 1
0.018433 62799.000 1
0.018961 62917.000 1
0.019355 63868.000 1
0.019098 64302.000 1
0.018257 63056.000 1
0.019123 63385.000 1
0.019343 63574.000 1
0.019443 62492.000 1
0.019251 63094.000 1
0.018615 62851.000 1
0.018875 63331.000 1
0.018458 63907.000 1
0.018676 62736.000 1
0.018896 63015.000 1
0.019378 62878.000 1
0.018708 62750.000 1
0.019107 63287.000 1
0.019179 61908.000 1
0.019202 63072.000 1
0.018381 62150.000 1
0.019034 64175.000 1
0.018243 63701.000 1
0.019005 64026.000 1
0.018914 62457.000 1
0.018758 62643.000 1
0.019057 62661.000 1
0.018869 62173.000 1
0.019042 62065.000 1
0.018640 61712.000 1
0.018913 63390.000 1
0.018757 63567.000 1
0.018748 63655.000 1
0.018009 63717.000 1
0.019074 63794.000 1
0.018451 63057.000 1
0.019566 64547.000 1
0.019713 62413.000 1
0.019375 63574.000 1
0.019195 63544.000 1
0.018651 63087.000 1
0.019520 62188.000 1
0.019213 63406.000 1
0.019199 63931.000 1
0.018777 62763.000 1
0.019076 64763.000 1
0.018966 64197.000 1
0.018546 64732.000 1
0.018587 64314.000 1
0.018137 64511.000 1
0.019554 63896.000 1
0.019173 63723.000 1
0.018796 61842.000 1
0.019327 62939.000 1
0.019088 62496.000 1
0.018750 64087.000 1
0.019036 63331.000 1
0.019394 63153.000 1
0.018867 63856.000 1
0.018971 64110.000 1
0.019639 63166.000 1
0.018998 62741.000 1
0.018827 63705.000 1
0.019208 62973.000 1
0.019263 63516.000 1
0.018363 61946.000 1
0.019200 61998.000 1
0.018616 63072.000 1
0.018781 62504.000 1
0.018841 63743.000 1
0.019356 62803.000 1
0.019788 63645.000 1
0.019320 63737.000 1
0.019074 62030.000 1
0.019758 64153.000 1
0.018905 65360.000 1
0.019608 63307.000 1
0.019088 65033.000 1
0.019612 64087.000 1
0.018892 63433.000 1
0.018728 63648.000 1
0.018539 64822.000 1
0.019088 63399.000 1
0.018803 63947.000 1
0.018025 63817.000 1
0.018662 62785.000 1
0.018653 61529.000 1
0.019265 63281.000 1
0.019633 62824.000 1
0.019251 62669.000 1
0.019217 63968.000 1
0.019209 63434.000 1
0.019195 64565.000 1
0.019278 64217.000 1
0.019625 64867.000 1
0.018547 65647.000 1
0.019326 63772.000 1
0.018649 64215.000 1
0.019126 63998.000 1
0.018575 65090.000 1
0.019003 63219.000 1
0.019159 64046.000 1
0.019826 64226.000 1
0.019304 64303.000 1
0.018576 64765.000 1
0.018837 64599.000 1
0.019359 64027.000 1
0.018677 64689.000 1
0.018927 63490.000 1
0.019458 65573.000 1
0.018622 65443.000 1
0.018919 64411.000 1
0.018483 63350.000 1
0.019034 63279.000 1
0.019579 63926.000 1
0.019308 62669.000 1
0.019998 64019.000 1
0.019592 63082.000 1
0.018581 64328.000 1
0.019053 64528.000 1
0.019141 62244.000 1
0.019173 63493.000 1
0.019519 62257.000 1
0.018674 62220.000 1
0.019306 63333.000 1
0.019185 63696.000 1
0.019221 64053.000 1
0.019575 62425.000 1
0.019186 65502.000 1
0.019063 63833.000 1
0.018806 63416.000 1
0.019356 63022.000 1
0.019327 63756.000 1
0.019337 63269.000 1
0.018937 62150.000 1
0.018370 64038.000 1
0.019004 63006.000 1
0.018969 63149.000 1
0.018599 63513.000 1
0.018416 61845.000 1
0.019271 62191.000 1
0.018233 63453.000 1
0.018766 64981.000 1
0.019001 63860.000 1
0.018864 64419.000 1
0.018894 63128.000 1
0.019079 63426.000 1
0.018993 62593.000 1
0.019171 63032.000 1
0.019408 63577.000 1
0.019734 62263.000 1
0.018730 65010.000 1
0.018417 62141.000 1
0.019007 64110.000 1
0.019013 62721.000 1
0.019286 63593.000 1
0.019480 64165.000 1
0.019086 63237.000 1
0.018559 63165.000 1
0.018663 62102.000 1
0.019096 64181.000 1
0.018498 64182.000 1
0.018871 63600.000 1
0.019211 61224.000 1
0.018227 61663.000 1
0.018872 62792.000 1
0.019115 63457.000 1
0.018604 63390.000 1
0.019171 62052.000 1
0.018468 62150.000 1
0.018195 61775.000 1
0.017944 63187.000 1
0.018489 62296.000 1
0.018864 62646.000 1
0.019051 61151.000 1
0.018873 62507.000 1
0.019004 61178.000 1
0.018938 62700.000 1
0.018863 64008.000 1
0.018792 65166.000 1
0.018918 63425.000 1
0.018545 63729.000 1
0.019005 62972.000 1
0.019136 62258.000 1
0.019459 60843.000 1
0.018577 61403.000 1
0.018849 62575.000 1
0.018732 62605.000 1
0.018667 61669.000 1
0.018720 63995.000 1
0.018321 63099.000 1
0.019248 64101.000 1
0.018647 64404.000 1
0.018782 62233.000 1
0.019164 63172.000 1
0.018625 62271.000 1
0.019020 64101.000 1
0.018416 62138.000 1
0.018734 61765.000 1
0.019126 61279.000 1
0.019159 64090.000 1
0.018572 62826.000 1
0.018649 62513.000 1
0.018831 62784.000 1
0.018547 63045.000 1
0.019243 64298.000 1
0.018653 65407.000 1
0.018680 64620.000 1
0.018977 64048.000 1
0.019336 62216.000 1
0.018580 63016.000 1
0.019839 63592.000 1
0.019190 64513.000 1
0.019127 63274.000 1
0.019225 63719.000 1
0.018998 64578.000 1
0.018649 63246.000 1
0.019090 63275.000 1
0.018317 64323.000 1
0.018495 63933.000 1
0.019418 62431.000 1
0.019419 61822.000 1
0.019035 64025.000 1
0.018280 62752.000 1
0.018543 62558.000 1
0.018536 63030.000 1
0.018796 63418.000 1
0.018923 63963.000 1
0.019025 63276.000 1
0.019223 63091.000 1
0.019353 63085.000 1
0.019031 63284.000 1
0.018737 64516.000 1
0.019110 62902.000 1
0.018353 63191.000 1
0.019476 64289.000 1
0.019311 63709.000 1
0.019264 63839.000 1
0.018487 63251.000 1
0.019114 64104.000 1
0.018737 64398.000 1
0.019353 64193.000 1
0.019629 62481.000 1
0.019437 62511.000 1
0.019028 63619.000 1
0.019676 64140.000 1
0.018726 64007.000 1
0.019217 64048.000 1
0.018772 63315.000 1
0.018584 63420.000 1
0.019356 64791.000 1
0.018870 62772.000 1
0.018347 63949.000 1
0.018911 63232.000 1
0.018565 62467.000 1
0.018337 62759.000 1
0.018907 61900.000 1
0.018834 63180.000 1
0.018966 62558.000 1
0.019098 62153.000 1
0.018727 63410.000 1
0.019522 64430.000 1
0.019638 63119.000 1
0.019299 61726.000 1
0.019268 61946.000 1
0.018864 63725.000 1
0.019343 61766.000 1
0.018573 62676.000 1
0.019017 63598.000 1
0.019094 62618.000 1
0.019236 62392.000 1
0.019207 63296.000 1
0.019155 63889.000 1
0.019123 64647.000 1
0.017856 62445.000 1
0.019071 62851.000 1
0.018602 63836.000 1
0.018185 63438.000 1
0.019470 63965.000 1
0.018716 63926.000 1
0.019249 63507.000 1
0.018915 63416.000 1
0.018953 62518.000 1
0.018810 63200.000 1
0.019093 63086.000 1
0.019217 63486.000 1
0.019056 63198.000 1
0.018732 63883.000 1
0.018070 63105.000 1
0.019345 62603.000 1
0.018506 62215.000 1
0.019211 62326.000 1
0.019042 62783.000 1
0.018749 62429.000 1
0.018976 62188.000 1
0.018707 62467.000 1
0.019124 62223.000 1
0.019364 62684.000 1
0.019286 61455.000 1
0.019181 61705.000 1
0.019077 62397.000 1
0.019126 63871.000 1
0.018601 63613.000 1
0.018667 63750.000 1
0.019282 63299.000 1
0.018771 62193.000 1
0.019374 62272.000 1
0.018885 62717.000 1
0.018647 62428.000 1
0.019065 63855.000 1
0.018690 63764.000 1
0.019184 64179.000 1
0.018985 63075.000 1
0.018583 63963.000 1
0.019632 64241.000 1
0.018772 63475.000 1
0.019167 64545.000 1
0.018893 63715.000 1
0.019032 63249.000 1
0.019050 63087.000 1
0.018990 63447.000 1
0.018853 62928.000 1
0.018641 63040.000 1
0.018756 62893.000 1
0.019485 61574.000 1
0.018585 62185.000 1
0.018600 62377.000 1
0.019093 61207.000 1
0.018882 61059.000 1
0.018802 62373.000 1
0.018533 63827.000 1
0.018777 63128.000 1
0.019477 62020.000 1
0.019392 61770.000 1
0.019200 62415.000 1
0.018786 62181.000 1
0.019057 61716.000 1
0.018690 62895.000 1
0.018940 62723.000 1
0.019364 62522.000 1
0.018317 62505.000 1
0.018936 62061.000 1
0.019064 63912.000 1
0.019079 62859.000 1
0.019363 63018.000 1
0.019478 63074.000 1
0.018627 63135.000 1
0.019028 62345.000 1
0.019457 63642.000 1
0.019255 63030.000 1
0.019141 63498.000 1
0.018792 63572.000 1
0.019046 64069.000 1
0.019122 63881.000 1
0.018720 64785.000 1
0.017960 62931.000 1
0.019490 64374.000 1
0.018809 63570.000 1
0.019270 63275.000 1
0.019294 63428.000 1
0.018567 62779.000 1
0.018859 62467.000 1
0.018998 62660.000 1
0.019439 64387.000 1
0.018991 63330.000 1
0.018951 63952.000 1
0.018927 63868.000 1
0.018280 64572.000 1
0.019019 65453.000 1
0.018625 63301.000 1
0.019344 62872.000 1
0.019766 63996.000 1
0.019028 62922.000 1
0.019000 62741.000 1
0.018464 61273.000 1
0.018730 63467.000 1
0.019177 61928.000 1
0.019249 62044.000 1
0.019628 62915.000 1
0.018298 60995.000 1
0.019396 62394.000 1
0.019602 61778.000 1
0.018860 61044.000 1
0.019358 62300.000 1
0.019584 62573.000 1
0.018514 63199.000 1
0.018681 62768.000 1
0.019308 62798.000 1
0.019177 62370.000 1
0.018765 62946.000 1
0.019860 63572.000 1
0.019321 63895.000 1
0.018715 63631.000 1
0.019029 62843.000 1
0.018490 63360.000 1
0.019279 63336.000 1
0.018844 64838.000 1
0.019041 63611.000 1
0.019566 63469.000 1
0.019563 64438.000 1
0.019528 65367.000 1
0.019052 63041.000 1
0.019572 63061.000 1
0.018882 64099.000 1
0.018855 61899.000 1
0.018943 64255.000 1
0.019315 63930.000 1
0.018835 63963.000 1
0.018889 63237.000 1
0.019132 62985.000 1
0.019224 62080.000 1
0.019509 62203.000 1
0.018517 62944.000 1
0.018834 63052.000 1
0.019480 63407.000 1
0.018821 61174.000 1
0.018762 62599.000 1
0.018377 63017.000 1
0.018813 64138.000 1
0.018795 64018.000 1
0.018703 62990.000 1
0.018564 63717.000 1
0.019248 62439.000 1
0.018255 63107.000 1
0.018174 63016.000 1
0.018864 63147.000 1
0.018876 62399.000 1
0.019224 64093.000 1
0.019628 61316.000 1
0.019230 61280.000 1
0.019786 62072.000 1
0.019130 62023.000 1
0.018367 62088.000 1
0.019460 62153.000 1
0.019212 63232.000 1
0.019489 62747.000 1
0.019536 61771.000 1
0.019829 62252.000 1
0.019140 62391.000 1
0.019439 62254.000 1
0.019104 63936.000 1
0.018673 61407.000 1
0.019228 62586.000 1
0.018855 61167.000 1
0.019108 63571.000 1
0.018445 63107.000 1
0.018936 62543.000 1
0.018591 63045.000 1
