0.018561 60823.000 1
0.017471 62254.000 1
0.017989 62468.000 1
0.018442 62715.000 1
0.017776 62611.000 1
0.017104 62699.000 1
0.017988 62634.000 1
0.017644 62923.000 1
0.017828 62761.000 1
0.017651 62860.000 1
0.017688 61574.000 1
0.017106 61328.000 1
0.017390 62356.000 1
0.017514 61317.000 1
0.018450 61984.000 1
0.017911 63023.000 1
0.018122 62286.000 1
0.017871 63426.000 1
0.017175 60945.000 1
0.018247 62302.000 1
0.017704 62996.000 1
0.018054 62686.000 1
0.017801 63024.000 1
0.018182 63070.000 1
0.017676 61912.000 1
0.018076 62264.000 1
0.017546 62044.000 1
0.017545 62669.000 1
0.018437 62668.000 1
0.017936 61343.000 1
0.017970 60570.000 1
0.017316 61855.000 1
0.017897 60108.000 1
0.017826 62284.000 1
0.017140 61722.000 1
0.017137 61765.000 1
0.017301 62382.000 1
0.017172 61857.000 1
0.017702 61802.000 1
0.017421 60786.000 1
0.017770 61627.000 1
0.017794 62252.000 1
0.016853 61757.000 1
0.017652 60761.000 1
0.017275 61050.000 1
0.017139 60525.000 1
0.017613 60248.000 1
0.017200 61179.000 1
0.017657 60351.000 1
0.017310 61408.000 1
0.017120 60660.000 1
0.016765 61339.000 1
0.017740 62159.000 1
0.017433 61655.000 1
0.017733 62313.000 1
0.017679 62707.000 1
0.017633 61707.000 1
0.017672 61621.000 1
0.018251 61723.000 1
0.017085 61547.000 1
0.017472 61405.000 1
0.017740 61466.000 1
0.017260 60710.000 1
0.017718 60089.000 1
0.017725 60977.000 1
0.018110 62204.000 1
0.017856 61939.000 1
0.017419 61462.000 1
0.017390 61993.000 1
0.017985 61183.000 1
0.018104 61080.000 1
0.017434 61111.000 1
0.017690 62385.000 1
0.017525 63391.000 1
0.017601 60173.000 1
0.017031 61668.000 1
0.017811 59621.000 1
0.017362 60302.000 1
0.017752 59989.000 1
0.018014 59576.000 1
0.017282 60766.000 1
0.017352 60299.000 1
0.017241 61552.000 1
0.017092 61035.000 1
0.017500 60257.000 1
0.017228 61354.000 1
0.017941 60700.000 1
0.017981 62052.000 1
0.017265 60993.000 1
0.017803 61866.000 1
0.017191 61493.000 1
0.017449 60380.000 1
0.017770 60804.000 1
0.017383 61021.000 1
0.017789 62321.000 1
